{
 "cells": [
  {
   "cell_type": "code",
   "execution_count": 2,
   "metadata": {},
   "outputs": [
    {
     "name": "stdout",
     "output_type": "stream",
     "text": [
      "A. Covariance Matrix:\n",
      "[[1.470484 1.454214 0.877269 1.903226 1.444361]\n",
      " [1.454214 1.252078 0.539548 1.621918 1.237877]\n",
      " [0.877269 0.539548 1.272425 1.171959 1.091912]\n",
      " [1.903226 1.621918 1.171959 1.814469 1.589729]\n",
      " [1.444361 1.237877 1.091912 1.589729 1.396186]]\n",
      "\n",
      "\n",
      "B. Eigenvalues:\n",
      "[-0.310243 -0.133232  0.027978  0.834434  6.786706]\n",
      "Is PSD: False\n",
      "\n",
      "\n",
      "C. Nearest PSD Matrix (Higham):\n",
      "[[1.615133 1.44196  0.897144 1.780426 1.433794]\n",
      " [1.44196  1.346968 0.585086 1.554552 1.211409]\n",
      " [0.897144 0.585086 1.298916 1.115956 1.076692]\n",
      " [1.780426 1.554552 1.115956 1.983165 1.621373]\n",
      " [1.433794 1.211409 1.076692 1.621373 1.404936]]\n",
      "\n",
      "Nearest PSD Matrix (Rebonato-J채ckel):\n",
      "[[1.615133 1.44196  0.897144 1.780426 1.433794]\n",
      " [1.44196  1.346968 0.585086 1.554552 1.211409]\n",
      " [0.897144 0.585086 1.298916 1.115956 1.076692]\n",
      " [1.780426 1.554552 1.115956 1.983165 1.621373]\n",
      " [1.433794 1.211409 1.076692 1.621373 1.404936]]\n",
      "\n",
      "\n",
      "Verification - Minimum eigenvalues:\n",
      "Higham method: 0.0\n",
      "Rebonato method: 0.0\n",
      "\n",
      "\n",
      "D. Overlapping Covariance Matrix:\n",
      "[[1.470484 1.454214 0.877269 1.903226 1.444361]\n",
      " [1.454214 1.252078 0.539548 1.621918 1.237877]\n",
      " [0.877269 0.539548 1.272425 1.171959 1.091912]\n",
      " [1.903226 1.621918 1.171959 1.814469 1.589729]\n",
      " [1.444361 1.237877 1.091912 1.589729 1.396186]]\n",
      "\n",
      "\n",
      "E. Comparison of Methods:\n",
      "\n",
      "Frobenius norm differences:\n",
      "Original vs Higham: 0.337641\n",
      "Original vs Rebonato: 0.337641\n",
      "Original vs Overlapping: 0.0\n",
      "\n",
      "Maximum absolute differences:\n",
      "Original vs Higham: 0.168696\n",
      "Original vs Rebonato: 0.168696\n",
      "Original vs Overlapping: 0.0\n"
     ]
    }
   ],
   "source": [
    "import numpy as np\n",
    "import pandas as pd\n",
    "from scipy import linalg\n",
    "\n",
    "# Function to calculate covariance matrix\n",
    "def calculate_cov_matrix(data):\n",
    "    \"\"\"\n",
    "    Calculate the covariance matrix handling missing values\n",
    "    \"\"\"\n",
    "    # Convert to pandas DataFrame to handle missing values\n",
    "    df = pd.DataFrame(data)\n",
    "    # Calculate covariance using pandas method which handles missing values\n",
    "    return df.cov().values\n",
    "\n",
    "# Higham's method for nearest PSD matrix\n",
    "def nearest_PSD(A, max_iter=100, tol=1e-8):\n",
    "    \"\"\"\n",
    "    Find the nearest positive semi-definite matrix using Higham's method\n",
    "    \"\"\"\n",
    "    n = A.shape[0]\n",
    "    X = A.copy()\n",
    "    Y = A.copy()\n",
    "    delta_S = np.zeros_like(A)\n",
    "    \n",
    "    for k in range(max_iter):\n",
    "        # Project onto symmetric matrices\n",
    "        R = Y - delta_S\n",
    "        X = (R + R.T) / 2\n",
    "        \n",
    "        # Get eigendecomposition\n",
    "        eigvals, eigvecs = linalg.eigh(X)\n",
    "        \n",
    "        # Project onto PSD matrices\n",
    "        D_plus = np.maximum(eigvals, 0)\n",
    "        Y = eigvecs @ np.diag(D_plus) @ eigvecs.T\n",
    "        \n",
    "        # Update delta S\n",
    "        delta_S = Y - R\n",
    "        \n",
    "        # Check convergence\n",
    "        norm_X = np.linalg.norm(X, 'fro')\n",
    "        norm_Y = np.linalg.norm(Y, 'fro')\n",
    "        diff = abs(norm_X - norm_Y) / norm_X\n",
    "        \n",
    "        if diff < tol:\n",
    "            break\n",
    "    \n",
    "    return Y\n",
    "\n",
    "# Rebonato and J채ckel method\n",
    "def near_PSD_Rebonato(A):\n",
    "    \"\"\"\n",
    "    Find the nearest positive semi-definite matrix using Rebonato and J채ckel method\n",
    "    \"\"\"\n",
    "    # Get eigendecomposition\n",
    "    eigvals, eigvecs = linalg.eigh(A)\n",
    "    \n",
    "    # Replace negative eigenvalues with small positive values\n",
    "    lambda_plus = np.maximum(eigvals, 1e-10)\n",
    "    \n",
    "    # Reconstruct matrix\n",
    "    return eigvecs @ np.diag(lambda_plus) @ eigvecs.T\n",
    "\n",
    "# Calculate covariance with overlapping data only\n",
    "def calculate_overlapping_cov(data):\n",
    "    \"\"\"\n",
    "    Calculate covariance matrix using only overlapping data\n",
    "    \"\"\"\n",
    "    df = pd.DataFrame(data)\n",
    "    # Use pandas' built-in covariance calculation which handles missing values\n",
    "    return df.cov().values\n",
    "\n",
    "def analyze_data(file_path='problem2.csv'):\n",
    "    \"\"\"\n",
    "    Main analysis function\n",
    "    \"\"\"\n",
    "    try:\n",
    "        # Read the CSV file\n",
    "        df = pd.read_csv(file_path)\n",
    "        \n",
    "        # A. Calculate covariance matrix\n",
    "        cov_matrix = calculate_cov_matrix(df)\n",
    "        print(\"A. Covariance Matrix:\")\n",
    "        print(np.round(cov_matrix, 6))\n",
    "        print(\"\\n\")\n",
    "\n",
    "        # B. Check positive semi-definiteness\n",
    "        # Ensure matrix is symmetric and real before eigenvalue calculation\n",
    "        cov_matrix = (cov_matrix + cov_matrix.T) / 2  # Ensure symmetry\n",
    "        eigenvals = linalg.eigvalsh(cov_matrix)\n",
    "        is_psd = np.all(eigenvals >= -1e-10)  # allowing for numerical errors\n",
    "        print(\"B. Eigenvalues:\")\n",
    "        print(np.round(eigenvals, 6))\n",
    "        print(f\"Is PSD: {is_psd}\")\n",
    "        print(\"\\n\")\n",
    "\n",
    "        # C. If not PSD, find nearest PSD matrix\n",
    "        if not is_psd:\n",
    "            higham_psd = nearest_PSD(cov_matrix)\n",
    "            rebonato_psd = near_PSD_Rebonato(cov_matrix)\n",
    "            \n",
    "            print(\"C. Nearest PSD Matrix (Higham):\")\n",
    "            print(np.round(higham_psd, 6))\n",
    "            print(\"\\nNearest PSD Matrix (Rebonato-J채ckel):\")\n",
    "            print(np.round(rebonato_psd, 6))\n",
    "            print(\"\\n\")\n",
    "            \n",
    "            # Verify the results are PSD\n",
    "            higham_eigenvals = linalg.eigvalsh(higham_psd)\n",
    "            rebonato_eigenvals = linalg.eigvalsh(rebonato_psd)\n",
    "            \n",
    "            print(\"Verification - Minimum eigenvalues:\")\n",
    "            print(f\"Higham method: {np.round(np.min(higham_eigenvals), 6)}\")\n",
    "            print(f\"Rebonato method: {np.round(np.min(rebonato_eigenvals), 6)}\")\n",
    "            print(\"\\n\")\n",
    "\n",
    "        # D. Calculate overlapping covariance matrix\n",
    "        overlapping_cov = calculate_overlapping_cov(df)\n",
    "        print(\"D. Overlapping Covariance Matrix:\")\n",
    "        print(np.round(overlapping_cov, 6))\n",
    "        print(\"\\n\")\n",
    "\n",
    "        # E. Compare the matrices\n",
    "        if not is_psd:\n",
    "            print(\"E. Comparison of Methods:\")\n",
    "            print(\"\\nFrobenius norm differences:\")\n",
    "            print(f\"Original vs Higham: {np.round(np.linalg.norm(cov_matrix - higham_psd, 'fro'), 6)}\")\n",
    "            print(f\"Original vs Rebonato: {np.round(np.linalg.norm(cov_matrix - rebonato_psd, 'fro'), 6)}\")\n",
    "            print(f\"Original vs Overlapping: {np.round(np.linalg.norm(cov_matrix - overlapping_cov, 'fro'), 6)}\")\n",
    "            print(\"\\nMaximum absolute differences:\")\n",
    "            print(f\"Original vs Higham: {np.round(np.max(np.abs(cov_matrix - higham_psd)), 6)}\")\n",
    "            print(f\"Original vs Rebonato: {np.round(np.max(np.abs(cov_matrix - rebonato_psd)), 6)}\")\n",
    "            print(f\"Original vs Overlapping: {np.round(np.max(np.abs(cov_matrix - overlapping_cov)), 6)}\")\n",
    "            \n",
    "    except Exception as e:\n",
    "        print(f\"An error occurred: {str(e)}\")\n",
    "        raise\n",
    "\n",
    "if __name__ == \"__main__\":\n",
    "    analyze_data()"
   ]
  },
  {
   "cell_type": "code",
   "execution_count": null,
   "metadata": {},
   "outputs": [],
   "source": []
  }
 ],
 "metadata": {
  "kernelspec": {
   "display_name": "Python 3",
   "language": "python",
   "name": "python3"
  },
  "language_info": {
   "codemirror_mode": {
    "name": "ipython",
    "version": 3
   },
   "file_extension": ".py",
   "mimetype": "text/x-python",
   "name": "python",
   "nbconvert_exporter": "python",
   "pygments_lexer": "ipython3",
   "version": "3.12.3"
  }
 },
 "nbformat": 4,
 "nbformat_minor": 2
}
